146931319145.0
137783629055.0
117821644273.0
326835221402.0
1450698704.54
35343071832.6
137286967695.0
5214296940.82
9319661812.01
17591764271.1
128503182079.0
132976755500.0
165159834884.0
131301310512.0
6912860074.35
81974170773.5
36075053043.7
47001501550.9
130293861557.0
259338007275.0
106719565021.0
142878368889.0
127149153870.0
143870647373.0
161164730915.0
147078789462.0
130639499484.0
330931041675.0
28819448303.4
103658424738.0
123773320990.0
40006313606.2
89131372456.6
87096487148.2
107471525752.0
9375999351.29
19430770127.7
151490832811.0
97408736468.6
59538054028.5
142598763611.0
135800505799.0
11900208507.4
47583434527.7
92695974873.7
271681332853.0
110921642510.0
181935185613.0
61668452643.9
117009501484.0
79567772198.3
111357820401.0
106949632665.0
28994069925.8
100153008693.0
186745300188.0
293325396072.0
18714739271.8
131837310204.0
382165271447.0
98954719630.7
172036347301.0
157548365638.0
17981423564.1
267485353702.0
79118450047.4
43450667740.7
101659547356.0
189563045078.0
75497306718.6
4652081667.42
149298452601.0
41493524390.8
117661960616.0
56900716114.8
72986131418.6
4935880666.81
49414174473.1
55958315268.5
176068708504.0
262403854040.0
122810303349.0
29463622637.0
91137548544.2
121086087067.0
175569740977.0
136415949236.0
101037829721.0
62048812116.4
95245770262.9
17388030471.7
97788363276.6
191818456273.0
113163865628.0
86012620858.1
81777006729.4
251563505170.0
138969174530.0
5490867880.3
31703698989.6
