100000.0	-6.19902020091e+33	-6.19653571598e+33
100100.0	-6.19710446887e+33	-6.19538584978e+33
100200.0	-6.19426725602e+33	-6.19110826433e+33
100300.0	-6.19200859663e+33	-6.19009928992e+33
100400.0	-6.19011388324e+33	-6.1882471079e+33
100500.0	-6.18751601421e+33	-6.1844605531e+33
100600.0	-6.18538589915e+33	-6.18362113654e+33
100700.0	-6.18229111301e+33	-6.17872603406e+33
100800.0	-6.17997734298e+33	-6.17819277288e+33
100900.0	-6.17760424215e+33	-6.17511139088e+33
101000.0	-6.17559017499e+33	-6.17372738278e+33
101100.0	-6.17351745248e+33	-6.17141820827e+33
101200.0	-6.17148218631e+33	-6.16942103231e+33
101300.0	-6.16952532682e+33	-6.16762757036e+33
101400.0	-6.1674039469e+33	-6.16513192183e+33
101500.0	-6.16542488026e+33	-6.16356943201e+33
101600.0	-6.16328806779e+33	-6.16097391577e+33
101700.0	-6.16127973736e+33	-6.1593972589e+33
101800.0	-6.15916743384e+33	-6.15690236068e+33
101900.0	-6.15714756072e+33	-6.15523851806e+33
102000.0	-6.15514529673e+33	-6.15306344411e+33
102100.0	-6.15310940826e+33	-6.15113009673e+33
102200.0	-6.15118738156e+33	-6.14925211253e+33
102300.0	-6.14896989315e+33	-6.14671829247e+33
102400.0	-6.14708441629e+33	-6.14531321785e+33
102500.0	-6.14435151486e+33	-6.14132009398e+33
102600.0	-6.14227910491e+33	-6.14059711458e+33
102700.0	-6.13946580168e+33	-6.1360561058e+33
102800.0	-6.13719647912e+33	-6.13544034007e+33
102900.0	-6.13526546709e+33	-6.13323052101e+33
103000.0	-6.13305930534e+33	-6.13084887002e+33
103100.0	-6.13123571196e+33	-6.12953674459e+33
103200.0	-6.12841097628e+33	-6.12500560848e+33
103300.0	-6.12612325723e+33	-6.12435156623e+33
103400.0	-6.12433467963e+33	-6.12252038097e+33
103500.0	-6.12162308126e+33	-6.11861488237e+33
103600.0	-6.11953244619e+33	-6.11782992198e+33
103700.0	-6.11769205859e+33	-6.11577577622e+33
103800.0	-6.11514566285e+33	-6.11242566749e+33
103900.0	-6.11317331622e+33	-6.111499752e+33
104000.0	-6.11136612982e+33	-6.10948863622e+33
104100.0	-6.10860877191e+33	-6.10554245058e+33
104200.0	-6.1065047543e+33	-6.10482153398e+33
104300.0	-6.10479664964e+33	-6.10306598699e+33
104400.0	-6.10201587006e+33	-6.0986787339e+33
104500.0	-6.09968297744e+33	-6.09784859882e+33
104600.0	-6.09798197587e+33	-6.09631103856e+33
104700.0	-6.09609477403e+33	-6.09409589677e+33
104800.0	-6.09329685821e+33	-6.09019499365e+33
104900.0	-6.09108895954e+33	-6.08929840557e+33
105000.0	-6.08941506586e+33	-6.08777090643e+33
105100.0	-6.08755070534e+33	-6.08557444767e+33
105200.0	-6.08464281653e+33	-6.0813100336e+33
105300.0	-6.08229458579e+33	-6.08044244524e+33
105400.0	-6.08058326184e+33	-6.07890802407e+33
105500.0	-6.07886543885e+33	-6.07712298439e+33
105600.0	-6.07664723827e+33	-6.07414391988e+33
105700.0	-6.07381224973e+33	-6.07090703568e+33
105800.0	-6.0716384262e+33	-6.06981342758e+33
105900.0	-6.06994596404e+33	-6.06829108322e+33
106000.0	-6.06824286456e+33	-6.0665123826e+33
106100.0	-6.06635100897e+33	-6.0643673217e+33
106200.0	-6.06355849304e+33	-6.06030790223e+33
106300.0	-6.06077473635e+33	-6.05831843717e+33
106400.0	-6.05877303738e+33	-6.05697806343e+33
106500.0	-6.05704225743e+33	-6.05532481413e+33
106600.0	-6.05535929931e+33	-6.05368333519e+33
106700.0	-6.05363428957e+33	-6.05188375447e+33
106800.0	-6.05165264395e+33	-6.04953635562e+33
106900.0	-6.04902143369e+33	-6.04604043973e+33
107000.0	-6.0459538117e+33	-6.04291615835e+33
107100.0	-6.04340054706e+33	-6.04115384852e+33
107200.0	-6.04142098787e+33	-6.03957060887e+33
107300.0	-6.03962470188e+33	-6.03784609788e+33
107400.0	-6.0379063079e+33	-6.03620751156e+33
107500.0	-6.03621513876e+33	-6.03452260498e+33
107600.0	-6.03448629634e+33	-6.03273657898e+33
107700.0	-6.03275217006e+33	-6.03101779743e+33
107800.0	-6.03092308154e+33	-6.02903950172e+33
107900.0	-6.02890228797e+33	-6.02678022915e+33
108000.0	-6.02660130272e+33	-6.02413184745e+33
108100.0	-6.02383451584e+33	-6.02082259889e+33
108200.0	-6.02072299244e+33	-6.01751030051e+33
108300.0	-6.01751495344e+33	-6.01432977477e+33
108400.0	-6.01431632519e+33	-6.01116562386e+33
108500.0	-6.01118746676e+33	-6.00812318622e+33
108600.0	-6.00800039407e+33	-6.00477205871e+33
108700.0	-6.00477625868e+33	-6.00150116219e+33
108800.0	-6.00180903944e+33	-5.99889228433e+33
108900.0	-5.9992779707e+33	-5.99685374082e+33
109000.0	-5.99718829771e+33	-5.99519466225e+33
109100.0	-5.99536801512e+33	-5.99358549431e+33
109200.0	-5.99363839337e+33	-5.99190559628e+33
109300.0	-5.9919811304e+33	-5.99034051544e+33
109400.0	-5.99032847789e+33	-5.98866289653e+33
109500.0	-5.98867449995e+33	-5.9870224852e+33
109600.0	-5.98702217197e+33	-5.98537554623e+33
109700.0	-5.98527496691e+33	-5.98350682879e+33
109800.0	-5.98336278178e+33	-5.98144095339e+33
109900.0	-5.98095836853e+33	-5.97841528935e+33
110000.0	-5.97806345731e+33	-5.97492934578e+33
110100.0	-5.97561335889e+33	-5.97343259022e+33
110200.0	-5.97375335424e+33	-5.97199622356e+33
110300.0	-5.97212645532e+33	-5.97052800347e+33
110400.0	-5.97056749617e+33	-5.96901656169e+33
110500.0	-5.96895339206e+33	-5.96731773136e+33
110600.0	-5.96725873095e+33	-5.96557204202e+33
110700.0	-5.96511097791e+33	-5.96284677812e+33
110800.0	-5.96237836472e+33	-5.95933571372e+33
110900.0	-5.96013667233e+33	-5.95824412777e+33
111000.0	-5.95843389406e+33	-5.95677882456e+33
111100.0	-5.95683390428e+33	-5.95524580755e+33
111200.0	-5.95521603136e+33	-5.95359696442e+33
111300.0	-5.95335124637e+33	-5.95143850271e+33
111400.0	-5.95069236272e+33	-5.94769931533e+33
111500.0	-5.94833631361e+33	-5.94624908711e+33
111600.0	-5.94654851917e+33	-5.94485443364e+33
111700.0	-5.94489799153e+33	-5.94325733375e+33
111800.0	-5.94314359663e+33	-5.94136316979e+33
111900.0	-5.94085264777e+33	-5.93842900587e+33
112000.0	-5.93843651499e+33	-5.9359345177e+33
112100.0	-5.93645311673e+33	-5.93466891348e+33
112200.0	-5.93476613594e+33	-5.93310437408e+33
112300.0	-5.93299176634e+33	-5.93119090983e+33
112400.0	-5.93052622092e+33	-5.92784480529e+33
112500.0	-5.92829567961e+33	-5.92622519565e+33
112600.0	-5.92649328998e+33	-5.92476764844e+33
112700.0	-5.92483671854e+33	-5.92320452253e+33
112800.0	-5.92293999434e+33	-5.92099333806e+33
112900.0	-5.92054019923e+33	-5.91782533517e+33
113000.0	-5.91859133834e+33	-5.9169650589e+33
113100.0	-5.91697483602e+33	-5.91534855643e+33
113200.0	-5.91522199954e+33	-5.91346059839e+33
113300.0	-5.91278661836e+33	-5.90995102464e+33
113400.0	-5.9107618406e+33	-5.90909632949e+33
113500.0	-5.90918591226e+33	-5.90763464144e+33
113600.0	-5.90737098374e+33	-5.9055048862e+33
113700.0	-5.90517716388e+33	-5.90274499507e+33
113800.0	-5.90333123382e+33	-5.90171943539e+33
113900.0	-5.90167476581e+33	-5.90000050012e+33
114000.0	-5.89947422462e+33	-5.89713789996e+33
114100.0	-5.89746314929e+33	-5.89556686308e+33
114200.0	-5.89573376145e+33	-5.89404540144e+33
114300.0	-5.89394325514e+33	-5.89214728439e+33
114400.0	-5.89153995473e+33	-5.88877242541e+33
114500.0	-5.88952206297e+33	-5.88781913512e+33
114600.0	-5.88780712178e+33	-5.88608989209e+33
114700.0	-5.88525267041e+33	-5.88237680034e+33
114800.0	-5.88318882942e+33	-5.88147843197e+33
114900.0	-5.88150709372e+33	-5.87982265184e+33
115000.0	-5.87926930337e+33	-5.87687858727e+33
115100.0	-5.87736733168e+33	-5.87565429356e+33
115200.0	-5.87572672445e+33	-5.87409375455e+33
115300.0	-5.87369869546e+33	-5.87158598427e+33
115400.0	-5.8718725761e+33	-5.87014184303e+33
115500.0	-5.8702575234e+33	-5.86866867043e+33
115600.0	-5.86815643328e+33	-5.86592428697e+33
115700.0	-5.86628570638e+33	-5.86454943947e+33
115800.0	-5.86465654427e+33	-5.86305761714e+33
115900.0	-5.8623105108e+33	-5.85971610279e+33
116000.0	-5.86031896274e+33	-5.85858159425e+33
116100.0	-5.85863159695e+33	-5.85696209059e+33
116200.0	-5.85607067339e+33	-5.85306244838e+33
116300.0	-5.85396653549e+33	-5.85226746887e+33
116400.0	-5.85218628231e+33	-5.85039720334e+33
116500.0	-5.85016024042e+33	-5.84798587949e+33
116600.0	-5.84838775716e+33	-5.84675294788e+33
116700.0	-5.84631581984e+33	-5.84413736726e+33
116800.0	-5.84449349471e+33	-5.84279376274e+33
116900.0	-5.84286650295e+33	-5.84126313233e+33
117000.0	-5.84056750138e+33	-5.83788185971e+33
117100.0	-5.83867208029e+33	-5.83711621745e+33
117200.0	-5.83684105188e+33	-5.83495627878e+33
117300.0	-5.8351031517e+33	-5.83340054828e+33
117400.0	-5.83347854355e+33	-5.83187598529e+33
117500.0	-5.83114565909e+33	-5.82841749962e+33
117600.0	-5.82918177012e+33	-5.82754921624e+33
117700.0	-5.82712260824e+33	-5.82496170452e+33
117800.0	-5.82525905852e+33	-5.82349475668e+33
117900.0	-5.82351655988e+33	-5.82178990573e+33
118000.0	-5.82152871768e+33	-5.81939546065e+33
118100.0	-5.81974570946e+33	-5.81808058164e+33
118200.0	-5.81725718702e+33	-5.81437932708e+33
118300.0	-5.81521912648e+33	-5.81355685029e+33
118400.0	-5.81324799813e+33	-5.81122038663e+33
118500.0	-5.81151001661e+33	-5.80986715618e+33
118600.0	-5.80982452581e+33	-5.80814239151e+33
118700.0	-5.80813701234e+33	-5.80643087694e+33
118800.0	-5.80647111694e+33	-5.80480931508e+33
118900.0	-5.80454308959e+33	-5.80246647476e+33
119000.0	-5.80275768833e+33	-5.80107275329e+33
119100.0	-5.80034587727e+33	-5.79754806746e+33
119200.0	-5.79831764298e+33	-5.7966306523e+33
119300.0	-5.79582047826e+33	-5.79300851884e+33
119400.0	-5.79380847771e+33	-5.79214400151e+33
119500.0	-5.7916117837e+33	-5.7892655173e+33
119600.0	-5.7897676239e+33	-5.7881131868e+33
119700.0	-5.78777626063e+33	-5.78571464533e+33
119800.0	-5.78602717115e+33	-5.7843815091e+33
119900.0	-5.78413593339e+33	-5.78220686362e+33
120000.0	-5.78245373965e+33	-5.78084852857e+33
120100.0	-5.78056999926e+33	-5.77862844575e+33
120200.0	-5.77887787668e+33	-5.77726494364e+33
120300.0	-5.77693708157e+33	-5.77491774816e+33
120400.0	-5.7751707186e+33	-5.77348309364e+33
120500.0	-5.77315307891e+33	-5.77106123782e+33
120600.0	-5.7713342022e+33	-5.76960015757e+33
120700.0	-5.76926139255e+33	-5.76711434506e+33
120800.0	-5.76744919278e+33	-5.76575056001e+33
120900.0	-5.76530552166e+33	-5.76304233879e+33
121000.0	-5.76351900765e+33	-5.76191599745e+33
121100.0	-5.76115732663e+33	-5.75848936756e+33
121200.0	-5.75926520394e+33	-5.75771677283e+33
121300.0	-5.75697808102e+33	-5.75430155574e+33
121400.0	-5.75503393543e+33	-5.75341509343e+33
121500.0	-5.75311112231e+33	-5.75103576538e+33
121600.0	-5.75127616277e+33	-5.74952333751e+33
121700.0	-5.74950686915e+33	-5.74772683183e+33
121800.0	-5.74769092811e+33	-5.74586644076e+33
121900.0	-5.74597956574e+33	-5.74429535852e+33
122000.0	-5.74400781545e+33	-5.74197596263e+33
122100.0	-5.7422784941e+33	-5.74064655921e+33
122200.0	-5.73992476578e+33	-5.73723629783e+33
122300.0	-5.73797027775e+33	-5.73635183975e+33
122400.0	-5.73611082051e+33	-5.73412647078e+33
122500.0	-5.73435939459e+33	-5.73269404265e+33
122600.0	-5.73263407921e+33	-5.7308773463e+33
122700.0	-5.73072703615e+33	-5.72880135622e+33
122800.0	-5.72894349614e+33	-5.72719041287e+33
122900.0	-5.72648568119e+33	-5.72368106485e+33
123000.0	-5.72447693271e+33	-5.72282973457e+33
123100.0	-5.72269230656e+33	-5.72084304651e+33
123200.0	-5.7209908382e+33	-5.71935154938e+33
123300.0	-5.71937375453e+33	-5.71774820588e+33
123400.0	-5.71708149163e+33	-5.71453714667e+33
123500.0	-5.71518187189e+33	-5.71356774774e+33
123600.0	-5.71336034061e+33	-5.71144693798e+33
123700.0	-5.71156348023e+33	-5.70981496705e+33
123800.0	-5.70982113213e+33	-5.70806371089e+33
123900.0	-5.70739077872e+33	-5.70468160306e+33
124000.0	-5.70540757984e+33	-5.70374831114e+33
124100.0	-5.70367710278e+33	-5.70191445475e+33
124200.0	-5.70191488736e+33	-5.7001778836e+33
124300.0	-5.70027615515e+33	-5.69865217307e+33
124400.0	-5.69820878572e+33	-5.69589224647e+33
124500.0	-5.69635812508e+33	-5.69471002933e+33
124600.0	-5.69464956311e+33	-5.69290838692e+33
124700.0	-5.69235769737e+33	-5.68988123041e+33
124800.0	-5.69039338619e+33	-5.68864433812e+33
124900.0	-5.68863067853e+33	-5.68686101446e+33
125000.0	-5.68673780639e+33	-5.68483055218e+33
125100.0	-5.685046189e+33	-5.6834144361e+33
125200.0	-5.68327796942e+33	-5.68144046769e+33
125300.0	-5.68152191177e+33	-5.67980218932e+33
125400.0	-5.67989698066e+33	-5.67829351756e+33
125500.0	-5.67780228294e+33	-5.67544308143e+33
125600.0	-5.67584682824e+33	-5.67406779055e+33
125700.0	-5.67414314812e+33	-5.67245836224e+33
125800.0	-5.67179900862e+33	-5.66909959895e+33
125900.0	-5.6698204266e+33	-5.66816811323e+33
126000.0	-5.66820188084e+33	-5.66658799476e+33
126100.0	-5.66590323261e+33	-5.66324814472e+33
126200.0	-5.66398256201e+33	-5.66240485115e+33
126300.0	-5.66233868514e+33	-5.66066055089e+33
126400.0	-5.66007728683e+33	-5.6574943786e+33
126500.0	-5.65805697347e+33	-5.65630112721e+33
126600.0	-5.6563274152e+33	-5.65459447688e+33
126700.0	-5.65429280278e+33	-5.65208308952e+33
126800.0	-5.65239992669e+33	-5.6506456436e+33
126900.0	-5.65079612487e+33	-5.64923589448e+33
127000.0	-5.64903955481e+33	-5.64719347077e+33
127100.0	-5.64720193299e+33	-5.64538915081e+33
127200.0	-5.64554271675e+33	-5.64392486285e+33
127300.0	-5.64378346572e+33	-5.64196739508e+33
127400.0	-5.64156056101e+33	-5.63921115257e+33
127500.0	-5.63965373528e+33	-5.63792734343e+33
127600.0	-5.63796930098e+33	-5.63629584842e+33
127700.0	-5.635751845e+33	-5.63322818758e+33
127800.0	-5.63380676935e+33	-5.63213566749e+33
127900.0	-5.63222109751e+33	-5.63065873882e+33
128000.0	-5.63046328503e+33	-5.62862490527e+33
128100.0	-5.62845317267e+33	-5.626410558e+33
128200.0	-5.62666118889e+33	-5.62495273612e+33
128300.0	-5.62491806398e+33	-5.62315547298e+33
128400.0	-5.6226864007e+33	-5.62017803285e+33
128500.0	-5.62071825571e+33	-5.6190083325e+33
128600.0	-5.61911693634e+33	-5.61754415874e+33
128700.0	-5.61746254039e+33	-5.61577876677e+33
128800.0	-5.61526391309e+33	-5.61288579457e+33
128900.0	-5.61337678552e+33	-5.61170101709e+33
129000.0	-5.61164622623e+33	-5.60988407614e+33
129100.0	-5.60979493494e+33	-5.60789716423e+33
129200.0	-5.60780215476e+33	-5.60580365446e+33
129300.0	-5.60608431423e+33	-5.60446003748e+33
129400.0	-5.60450529823e+33	-5.60294219422e+33
129500.0	-5.60258480466e+33	-5.6004798331e+33
129600.0	-5.60066099952e+33	-5.59884206996e+33
129700.0	-5.59891819339e+33	-5.59718519073e+33
129800.0	-5.5971831917e+33	-5.59544239954e+33
129900.0	-5.59522997244e+33	-5.59315331448e+33
130000.0	-5.59326753296e+33	-5.59137859303e+33
130100.0	-5.59162465394e+33	-5.59006195263e+33
130200.0	-5.59001394274e+33	-5.58838089447e+33
130300.0	-5.5881714355e+33	-5.58622198924e+33
130400.0	-5.586149114e+33	-5.58413305912e+33
130500.0	-5.58432460554e+33	-5.58255991637e+33
130600.0	-5.58263787749e+33	-5.58097638005e+33
130700.0	-5.58086219166e+33	-5.57903634821e+33
130800.0	-5.57868197221e+33	-5.57637299654e+33
130900.0	-5.57684377549e+33	-5.57521882438e+33
131000.0	-5.57520764256e+33	-5.57355616588e+33
131100.0	-5.5735299476e+33	-5.57184555509e+33
131200.0	-5.57122853427e+33	-5.56859071474e+33
131300.0	-5.56914780807e+33	-5.56734827268e+33
131400.0	-5.56744928849e+33	-5.56577237405e+33
131500.0	-5.56582427234e+33	-5.56421510704e+33
131600.0	-5.56413624967e+33	-5.56241455008e+33
131700.0	-5.56189737558e+33	-5.55945385778e+33
131800.0	-5.55997452604e+33	-5.55829496787e+33
131900.0	-5.55824439429e+33	-5.55647995581e+33
132000.0	-5.55652302038e+33	-5.55481693428e+33
132100.0	-5.5546475569e+33	-5.55267698973e+33
132200.0	-5.55254020723e+33	-5.55041013974e+33
132300.0	-5.55080069043e+33	-5.54922242419e+33
132400.0	-5.54916325669e+33	-5.54749191275e+33
132500.0	-5.54748480316e+33	-5.54580403004e+33
132600.0	-5.54558228952e+33	-5.54357000435e+33
132700.0	-5.54335439394e+33	-5.54106408515e+33
132800.0	-5.54150780216e+33	-5.53985189998e+33
132900.0	-5.53987267007e+33	-5.53823280258e+33
133000.0	-5.53828820684e+33	-5.5367263062e+33
133100.0	-5.53654943006e+33	-5.53473733907e+33
133200.0	-5.53419882927e+33	-5.53157480611e+33
133300.0	-5.53210186509e+33	-5.5302819561e+33
133400.0	-5.5303637145e+33	-5.52863929086e+33
133500.0	-5.52874792579e+33	-5.52717122223e+33
133600.0	-5.5271131645e+33	-5.5254542069e+33
133700.0	-5.52527968201e+33	-5.52334623771e+33
133800.0	-5.52307930612e+33	-5.5208009681e+33
133900.0	-5.52114196419e+33	-5.51935888462e+33
134000.0	-5.51943650598e+33	-5.51774957579e+33
134100.0	-5.51775241227e+33	-5.51606223011e+33
134200.0	-5.51614033783e+33	-5.51456135628e+33
134300.0	-5.51430725248e+33	-5.51234228198e+33
134400.0	-5.51207147422e+33	-5.5097434339e+33
134500.0	-5.51011797745e+33	-5.50834824881e+33
134600.0	-5.50836879737e+33	-5.50661135597e+33
134700.0	-5.50670629761e+33	-5.50507723361e+33
134800.0	-5.50505202652e+33	-5.50338483259e+33
134900.0	-5.50336121805e+33	-5.5016563476e+33
135000.0	-5.50110217106e+33	-5.49854086425e+33
135100.0	-5.49894304857e+33	-5.49702413802e+33
135200.0	-5.49716841524e+33	-5.4954410484e+33
135300.0	-5.49545253029e+33	-5.49372897383e+33
135400.0	-5.49384048995e+33	-5.49227080352e+33
135500.0	-5.49220490608e+33	-5.49054249618e+33
135600.0	-5.49041888067e+33	-5.48856464063e+33
135700.0	-5.48806671061e+33	-5.4854693892e+33
135800.0	-5.48590130358e+33	-5.48398155975e+33
135900.0	-5.48416199516e+33	-5.48248381105e+33
136000.0	-5.482503284e+33	-5.48084152889e+33
136100.0	-5.48092318073e+33	-5.4793739922e+33
136200.0	-5.47928301939e+33	-5.47760629463e+33
136300.0	-5.4775405922e+33	-5.47576972873e+33
136400.0	-5.47538898391e+33	-5.47300089818e+33
136500.0	-5.47309594074e+33	-5.47085094175e+33
136600.0	-5.47126457506e+33	-5.46961892212e+33
136700.0	-5.46962466531e+33	-5.4679746505e+33
136800.0	-5.46801505515e+33	-5.46641788394e+33
136900.0	-5.46633674263e+33	-5.4646233397e+33
137000.0	-5.46461025193e+33	-5.46287585375e+33
137100.0	-5.46285685288e+33	-5.46109139966e+33
137200.0	-5.4607596968e+33	-5.45844243574e+33
137300.0	-5.45853125127e+33	-5.45639575148e+33
137400.0	-5.45661618994e+33	-5.45481979647e+33
137500.0	-5.45490256051e+33	-5.45321205103e+33
137600.0	-5.45319435114e+33	-5.45147104155e+33
137700.0	-5.45151587648e+33	-5.44984894689e+33
137800.0	-5.44991915665e+33	-5.44835030664e+33
137900.0	-5.44827848383e+33	-5.44660747996e+33
138000.0	-5.44654606651e+33	-5.44478332586e+33
138100.0	-5.44437608069e+33	-5.44195652458e+33
138200.0	-5.44197156992e+33	-5.43961147891e+33
138300.0	-5.43997317472e+33	-5.43817074814e+33
138400.0	-5.43829140298e+33	-5.43665030006e+33
138500.0	-5.43669011103e+33	-5.43509975889e+33
138600.0	-5.43499359623e+33	-5.43324748224e+33
138700.0	-5.43330248539e+33	-5.43163057618e+33
138800.0	-5.43161084456e+33	-5.42990700243e+33
138900.0	-5.42997657556e+33	-5.42836886384e+33
139000.0	-5.42832641094e+33	-5.42665815355e+33
139100.0	-5.42646094654e+33	-5.42448046704e+33
139200.0	-5.42413319628e+33	-5.42158275463e+33
139300.0	-5.42170499289e+33	-5.41939960987e+33
139400.0	-5.4197699229e+33	-5.41802323552e+33
139500.0	-5.41806924641e+33	-5.41638459196e+33
139600.0	-5.41643064454e+33	-5.4148059418e+33
139700.0	-5.4147596615e+33	-5.41306572419e+33
139800.0	-5.41303681027e+33	-5.41129469415e+33
139900.0	-5.4113869605e+33	-5.40977167399e+33
140000.0	-5.40975765999e+33	-5.40811810385e+33
140100.0	-5.40816588077e+33	-5.40659390108e+33
140200.0	-5.40647983178e+33	-5.40474666408e+33
140300.0	-5.40472759844e+33	-5.40296253754e+33
140400.0	-5.40288774519e+33	-5.40099425757e+33
140500.0	-5.40082634063e+33	-5.39862060048e+33
140600.0	-5.39848916249e+33	-5.39605711906e+33
140700.0	-5.39608113246e+33	-5.39375351672e+33
140800.0	-5.3939641248e+33	-5.39198945535e+33
140900.0	-5.39206134858e+33	-5.39020219041e+33
141000.0	-5.39034436119e+33	-5.38868462295e+33
141100.0	-5.3887132723e+33	-5.38709155295e+33
141200.0	-5.38706365453e+33	-5.38539843855e+33
141300.0	-5.38539289485e+33	-5.38371715242e+33
141400.0	-5.38366274837e+33	-5.38190328571e+33
141500.0	-5.38203271086e+33	-5.3804526625e+33
141600.0	-5.38042294755e+33	-5.37879797284e+33
141700.0	-5.37881116285e+33	-5.37720346854e+33
141800.0	-5.37713737401e+33	-5.37543503312e+33
141900.0	-5.37542538288e+33	-5.37370377319e+33
142000.0	-5.37377887576e+33	-5.37216061323e+33
142100.0	-5.37214175745e+33	-5.37049305267e+33
142200.0	-5.37051952135e+33	-5.36890747277e+33
142300.0	-5.36876082664e+33	-5.36693474683e+33
142400.0	-5.36694082138e+33	-5.36510485211e+33
142500.0	-5.36505355876e+33	-5.36310624615e+33
142600.0	-5.36302552636e+33	-5.36089759784e+33
142700.0	-5.36078236744e+33	-5.3584264668e+33
142800.0	-5.35827009491e+33	-5.35566554624e+33
142900.0	-5.35572871599e+33	-5.35323463914e+33
143000.0	-5.35326279499e+33	-5.3508520898e+33
143100.0	-5.35096667831e+33	-5.34876905566e+33
143200.0	-5.34868913054e+33	-5.34642978886e+33
143300.0	-5.34638263685e+33	-5.34410284283e+33
143400.0	-5.3440725836e+33	-5.3417925021e+33
143500.0	-5.34171242648e+33	-5.339345113e+33
143600.0	-5.33933937459e+33	-5.33697387936e+33
143700.0	-5.3368498859e+33	-5.33428644243e+33
143800.0	-5.33441364487e+33	-5.33199339516e+33
143900.0	-5.33217262293e+33	-5.32997961717e+33
144000.0	-5.33025472779e+33	-5.32843050834e+33
144100.0	-5.32852445923e+33	-5.32681629587e+33
144200.0	-5.32681181613e+33	-5.32508217899e+33
144300.0	-5.32511094492e+33	-5.32341050025e+33
144400.0	-5.32339334992e+33	-5.32165620663e+33
144500.0	-5.32178813687e+33	-5.32023088662e+33
144600.0	-5.32018006864e+33	-5.3185459669e+33
144700.0	-5.31854567428e+33	-5.31690778468e+33
144800.0	-5.31685089349e+33	-5.31512820579e+33
144900.0	-5.3151931573e+33	-5.31355637232e+33
145000.0	-5.31361387158e+33	-5.3120567764e+33
145100.0	-5.31199325458e+33	-5.31034409282e+33
145200.0	-5.31035106839e+33	-5.30871178326e+33
145300.0	-5.30863770006e+33	-5.30688984253e+33
145400.0	-5.3070052784e+33	-5.30541989577e+33
145500.0	-5.30539589057e+33	-5.30377887323e+33
145600.0	-5.30375659455e+33	-5.30211389207e+33
145700.0	-5.30202262836e+33	-5.30026108054e+33
145800.0	-5.30022197317e+33	-5.29842082152e+33
145900.0	-5.29837754508e+33	-5.29654629705e+33
146000.0	-5.296230226e+33	-5.29397166948e+33
146100.0	-5.29383598342e+33	-5.2913433491e+33
146200.0	-5.29152042403e+33	-5.28926087677e+33
146300.0	-5.28961056232e+33	-5.28783803157e+33
146400.0	-5.28793696872e+33	-5.28628923985e+33
146500.0	-5.28630789221e+33	-5.28467486214e+33
146600.0	-5.28463601721e+33	-5.28294073162e+33
146700.0	-5.28294016173e+33	-5.28123506887e+33
146800.0	-5.28135040226e+33	-5.27980483063e+33
146900.0	-5.27973846297e+33	-5.27809585928e+33
147000.0	-5.27811395138e+33	-5.2764975443e+33
147100.0	-5.2764104453e+33	-5.27466875006e+33
147200.0	-5.27475714047e+33	-5.27314085875e+33
147300.0	-5.27313514436e+33	-5.27151952011e+33
147400.0	-5.27143359582e+33	-5.26971514824e+33
147500.0	-5.2694934694e+33	-5.26749547364e+33
147600.0	-5.26715057539e+33	-5.26464040556e+33
147700.0	-5.26493809748e+33	-5.26281835193e+33
147800.0	-5.2630571239e+33	-5.26128025121e+33
147900.0	-5.26137275817e+33	-5.25971177714e+33
148000.0	-5.25966923465e+33	-5.25793572508e+33
148100.0	-5.2580428441e+33	-5.25645314689e+33
148200.0	-5.25646071167e+33	-5.25487971885e+33
148300.0	-5.25483713227e+33	-5.25319388336e+33
148400.0	-5.25316998584e+33	-5.25149262417e+33
148500.0	-5.25147763885e+33	-5.24977844103e+33
148600.0	-5.24986584075e+33	-5.24830181538e+33
148700.0	-5.24809006828e+33	-5.24625606816e+33
148800.0	-5.24586805185e+33	-5.2434788764e+33
148900.0	-5.2436414195e+33	-5.24145428072e+33
149000.0	-5.24184077318e+33	-5.2401993439e+33
149100.0	-5.24022622998e+33	-5.23860929289e+33
149200.0	-5.2385713271e+33	-5.23689191904e+33
149300.0	-5.2369107074e+33	-5.23525272162e+33
149400.0	-5.23526427399e+33	-5.23361718845e+33
149500.0	-5.23370013519e+33	-5.23217257808e+33
149600.0	-5.23203632062e+33	-5.23032062307e+33
149700.0	-5.23029802709e+33	-5.22856655033e+33
149800.0	-5.22830657145e+33	-5.22624131991e+33
149900.0	-5.22612623229e+33	-5.22381907686e+33
150000.0	-5.22417699196e+33	-5.22240476017e+33
150100.0	-5.22245656678e+33	-5.22073793933e+33
150200.0	-5.22081768765e+33	-5.21920206045e+33
150300.0	-5.219210381e+33	-5.21759997636e+33
150400.0	-5.21763063514e+33	-5.21606491113e+33
150500.0	-5.2159389277e+33	-5.21419427115e+33
150600.0	-5.21425860466e+33	-5.21261330344e+33
150700.0	-5.21245631906e+33	-5.21062330937e+33
150800.0	-5.21026857909e+33	-5.20786728433e+33
150900.0	-5.20821211491e+33	-5.2063299483e+33
151000.0	-5.20648294371e+33	-5.20479666646e+33
151100.0	-5.20489145549e+33	-5.20332959537e+33
151200.0	-5.20329539293e+33	-5.20168035088e+33
151300.0	-5.20166082907e+33	-5.20001853456e+33
151400.0	-5.19995996263e+33	-5.19823429351e+33
151500.0	-5.19830635717e+33	-5.19670185363e+33
151600.0	-5.1962367524e+33	-5.19399362375e+33
151700.0	-5.19419608107e+33	-5.19222052562e+33
151800.0	-5.19239268771e+33	-5.190649591e+33
151900.0	-5.19077731508e+33	-5.18920102597e+33
152000.0	-5.18920630036e+33	-5.18763477717e+33
152100.0	-5.18756430677e+33	-5.18589064187e+33
152200.0	-5.18589266837e+33	-5.18422417184e+33
152300.0	-5.18418867633e+33	-5.18248899515e+33
152400.0	-5.18208893249e+33	-5.17981337172e+33
152500.0	-5.18005492447e+33	-5.17813871443e+33
152600.0	-5.17834775797e+33	-5.17670809877e+33
152700.0	-5.17672417244e+33	-5.17509685104e+33
152800.0	-5.17515495333e+33	-5.1736074579e+33
152900.0	-5.17350476637e+33	-5.1718140641e+33
153000.0	-5.17180984891e+33	-5.17012103744e+33
153100.0	-5.16990168461e+33	-5.1679430367e+33
153200.0	-5.16791910606e+33	-5.16587238153e+33
153300.0	-5.16614333847e+33	-5.16448049409e+33
153400.0	-5.16445014871e+33	-5.16272741852e+33
153500.0	-5.16286944896e+33	-5.16134406969e+33
153600.0	-5.16126887039e+33	-5.1596371828e+33
153700.0	-5.15960838643e+33	-5.15794681669e+33
153800.0	-5.15760938856e+33	-5.15550879848e+33
153900.0	-5.15569260774e+33	-5.15381357131e+33
154000.0	-5.15399085771e+33	-5.15235498207e+33
154100.0	-5.15233567438e+33	-5.15066056876e+33
154200.0	-5.15069585651e+33	-5.14906632144e+33
154300.0	-5.14909568337e+33	-5.14750685186e+33
154400.0	-5.14747067563e+33	-5.14585004832e+33
154500.0	-5.14528706338e+33	-5.14286863455e+33
154600.0	-5.14335545459e+33	-5.14164561603e+33
154700.0	-5.14171859032e+33	-5.14009138972e+33
154800.0	-5.14014040276e+33	-5.13857822047e+33
154900.0	-5.13846182821e+33	-5.13673197139e+33
155000.0	-5.13681952023e+33	-5.13521940497e+33
155100.0	-5.13496456165e+33	-5.13304802454e+33
155200.0	-5.13306443889e+33	-5.13113583275e+33
155300.0	-5.13130732527e+33	-5.12960730012e+33
155400.0	-5.12968639674e+33	-5.12808646773e+33
155500.0	-5.12813746836e+33	-5.12660963263e+33
155600.0	-5.12647472083e+33	-5.12475901696e+33
155700.0	-5.1246781017e+33	-5.12288347302e+33
155800.0	-5.12271487359e+33	-5.12061230068e+33
155900.0	-5.12099526253e+33	-5.11943806987e+33
156000.0	-5.11932921196e+33	-5.11760698976e+33
156100.0	-5.11770116805e+33	-5.11610767813e+33
156200.0	-5.11609448611e+33	-5.11448758844e+33
156300.0	-5.11429683872e+33	-5.1124629753e+33
156400.0	-5.11237142181e+33	-5.11036539226e+33
156500.0	-5.11064163347e+33	-5.10901124264e+33
156600.0	-5.10908246349e+33	-5.10754615194e+33
156700.0	-5.10746488564e+33	-5.10581133812e+33
156800.0	-5.10580328222e+33	-5.10414567652e+33
156900.0	-5.10381917554e+33	-5.10173513918e+33
157000.0	-5.10204178212e+33	-5.10038956737e+33
157100.0	-5.10035602873e+33	-5.09863556187e+33
157200.0	-5.09872282571e+33	-5.09711837318e+33
157300.0	-5.09712064374e+33	-5.09551963756e+33
157400.0	-5.09548646917e+33	-5.09386216926e+33
157500.0	-5.093344477e+33	-5.09090542112e+33
157600.0	-5.09147158163e+33	-5.08986003327e+33
157700.0	-5.08991028888e+33	-5.08835926847e+33
157800.0	-5.08829422482e+33	-5.08664813742e+33
157900.0	-5.08663467142e+33	-5.08497630014e+33
158000.0	-5.08465716997e+33	-5.08258104872e+33
158100.0	-5.0828818613e+33	-5.08123515565e+33
158200.0	-5.08120225631e+33	-5.07948785155e+33
158300.0	-5.07958889424e+33	-5.07801136333e+33
158400.0	-5.07798113901e+33	-5.07636213255e+33
158500.0	-5.0762401516e+33	-5.07449038445e+33
158600.0	-5.07436193646e+33	-5.07239461142e+33
158700.0	-5.0726964131e+33	-5.07113778483e+33
158800.0	-5.0711228046e+33	-5.06953818982e+33
158900.0	-5.06950839832e+33	-5.06788238297e+33
159000.0	-5.06776554768e+33	-5.06600193333e+33
159100.0	-5.06588581162e+33	-5.06389649545e+33
159200.0	-5.06418772619e+33	-5.06261043969e+33
159300.0	-5.06253229667e+33	-5.06083300705e+33
159400.0	-5.06092580065e+33	-5.05935761813e+33
159500.0	-5.05927430628e+33	-5.05761127021e+33
159600.0	-5.05735831822e+33	-5.05527369699e+33
159700.0	-5.05552776568e+33	-5.05380118623e+33
159800.0	-5.05397166371e+33	-5.05247890951e+33
159900.0	-5.05237636165e+33	-5.0507399969e+33
160000.0	-5.05064265639e+33	-5.0488974653e+33
160100.0	-5.04877150418e+33	-5.04680064876e+33
160200.0	-5.04713191461e+33	-5.04561905925e+33
160300.0	-5.0455120464e+33	-5.04384239017e+33
160400.0	-5.04386682016e+33	-5.04223056415e+33
160500.0	-5.04213605062e+33	-5.04040545223e+33
160600.0	-5.04038446267e+33	-5.03859869129e+33
160700.0	-5.03870725468e+33	-5.03705626847e+33
160800.0	-5.03708983588e+33	-5.03547753379e+33
160900.0	-5.03553679262e+33	-5.03401534642e+33
161000.0	-5.03352510494e+33	-5.03134360645e+33
161100.0	-5.03172092684e+33	-5.03007904085e+33
161200.0	-5.03012232921e+33	-5.02852320334e+33
161300.0	-5.02856270364e+33	-5.02702005471e+33
161400.0	-5.02686413886e+33	-5.02511204747e+33
161500.0	-5.02483412838e+33	-5.0226134129e+33
161600.0	-5.02302440393e+33	-5.02141223879e+33
161700.0	-5.02142026063e+33	-5.01981039411e+33
161800.0	-5.01978117274e+33	-5.01812943389e+33
161900.0	-5.01806341903e+33	-5.01635659122e+33
162000.0	-5.01634047751e+33	-5.01459471651e+33
162100.0	-5.01467400384e+33	-5.01301618031e+33
162200.0	-5.01309659443e+33	-5.0115494383e+33
162300.0	-5.01150250308e+33	-5.00990035511e+33
162400.0	-5.00942320646e+33	-5.00707516264e+33
162500.0	-5.00755400275e+33	-5.00590786214e+33
162600.0	-5.00602396566e+33	-5.00453639225e+33
162700.0	-5.00439366534e+33	-5.0027054671e+33
162800.0	-5.00246803359e+33	-5.00048464526e+33
162900.0	-5.00073339164e+33	-4.99909962189e+33
163000.0	-4.99917835142e+33	-4.99764239041e+33
163100.0	-4.997513495e+33	-4.99579083372e+33
163200.0	-4.99586287305e+33	-4.99426858327e+33
163300.0	-4.99413692528e+33	-4.99232971406e+33
163400.0	-4.9924694123e+33	-4.9908402177e+33
163500.0	-4.99084858691e+33	-4.98922626116e+33
163600.0	-4.98928237139e+33	-4.98775291489e+33
163700.0	-4.98733681824e+33	-4.9851557626e+33
163800.0	-4.98554248858e+33	-4.9839117169e+33
163900.0	-4.98399798868e+33	-4.98248486338e+33
164000.0	-4.98240345332e+33	-4.98078235752e+33
164100.0	-4.9802754685e+33	-4.97788053879e+33
164200.0	-4.97843993673e+33	-4.97686802649e+33
164300.0	-4.97690847094e+33	-4.9753888827e+33
164400.0	-4.97524418924e+33	-4.97352055854e+33
164500.0	-4.97317519403e+33	-4.97095284419e+33
164600.0	-4.97137609676e+33	-4.96978113597e+33
164700.0	-4.96978195987e+33	-4.96817943682e+33
164800.0	-4.9681346344e+33	-4.96646938837e+33
164900.0	-4.96611367212e+33	-4.96392943348e+33
165000.0	-4.9642535674e+33	-4.96255873848e+33
165100.0	-4.96264759973e+33	-4.96106820967e+33
165200.0	-4.96106689079e+33	-4.95949154753e+33
165300.0	-4.95904266791e+33	-4.95676734633e+33
165400.0	-4.95715781504e+33	-4.95546261488e+33
165500.0	-4.95560944791e+33	-4.95411475397e+33
165600.0	-4.95402692448e+33	-4.95242185244e+33
165700.0	-4.95214910971e+33	-4.95010824506e+33
165800.0	-4.95045373534e+33	-4.94889505606e+33
165900.0	-4.94891857017e+33	-4.94738936825e+33
166000.0	-4.94725140846e+33	-4.94554958773e+33
166100.0	-4.94555440893e+33	-4.94384178713e+33
166200.0	-4.94401003674e+33	-4.94251690567e+33
166300.0	-4.94239473576e+33	-4.94072603076e+33
166400.0	-4.94057540578e+33	-4.93873815105e+33
166500.0	-4.93893032219e+33	-4.93735342187e+33
166600.0	-4.93736317733e+33	-4.93578932591e+33
166700.0	-4.9357160512e+33	-4.93403790394e+33
166800.0	-4.93368905296e+33	-4.93147491749e+33
166900.0	-4.93184659059e+33	-4.93019205211e+33
167000.0	-4.93024651588e+33	-4.92866180036e+33
167100.0	-4.92863729287e+33	-4.92703063924e+33
167200.0	-4.92696429608e+33	-4.92524555897e+33
167300.0	-4.92527083062e+33	-4.92356556462e+33
167400.0	-4.92372462154e+33	-4.92224231313e+33
167500.0	-4.9219578481e+33	-4.92011893622e+33
167600.0	-4.92027321208e+33	-4.91863952337e+33
167700.0	-4.91868647857e+33	-4.91710614985e+33
167800.0	-4.91715548455e+33	-4.91565208786e+33
167900.0	-4.91517588133e+33	-4.91293458492e+33
168000.0	-4.9134316075e+33	-4.91190137639e+33
168100.0	-4.91190051293e+33	-4.91036796212e+33
168200.0	-4.91018734646e+33	-4.90843140416e+33
168300.0	-4.90854246352e+33	-4.90693008631e+33
168400.0	-4.90701906324e+33	-4.905516724e+33
168500.0	-4.9054192635e+33	-4.90378400996e+33
168600.0	-4.90336394147e+33	-4.90106526393e+33
168700.0	-4.90161983392e+33	-4.90013578398e+33
168800.0	-4.90002736098e+33	-4.89838411734e+33
168900.0	-4.89834045259e+33	-4.89666665335e+33
169000.0	-4.89675314201e+33	-4.89518716891e+33
169100.0	-4.89519285839e+33	-4.89362259414e+33
169200.0	-4.89355991428e+33	-4.89190199279e+33
169300.0	-4.89175184484e+33	-4.88982999771e+33
169400.0	-4.89002393143e+33	-4.88837625255e+33
169500.0	-4.88843592245e+33	-4.88686931781e+33
169600.0	-4.88662959339e+33	-4.88476793802e+33
169700.0	-4.88499347146e+33	-4.88344475247e+33
169800.0	-4.88336267823e+33	-4.88168420156e+33
169900.0	-4.88181983963e+33	-4.8803483961e+33
170000.0	-4.88014944997e+33	-4.87838660327e+33
170100.0	-4.8785370591e+33	-4.8769638775e+33
170200.0	-4.87697351389e+33	-4.8754148866e+33
170300.0	-4.87494749109e+33	-4.87269326082e+33
170400.0	-4.87307723499e+33	-4.87139535598e+33
170500.0	-4.87156046404e+33	-4.87010905346e+33
170600.0	-4.86982186772e+33	-4.86800731879e+33
170700.0	-4.8681776951e+33	-4.86658694546e+33
170800.0	-4.86662717313e+33	-4.86508403831e+33
170900.0	-4.86505876766e+33	-4.86349635431e+33
171000.0	-4.86338592933e+33	-4.86165806249e+33
171100.0	-4.86185372871e+33	-4.86038275502e+33
171200.0	-4.86028557917e+33	-4.85868329523e+33
171300.0	-4.85839967049e+33	-4.85633878675e+33
171400.0	-4.85671476099e+33	-4.85518941805e+33
171500.0	-4.85517080661e+33	-4.85361852849e+33
171600.0	-4.85314800559e+33	-4.85094652518e+33
171700.0	-4.85143077586e+33	-4.84992909101e+33
171800.0	-4.84988015891e+33	-4.84830741123e+33
171900.0	-4.84812952244e+33	-4.84634225782e+33
172000.0	-4.84654980501e+33	-4.84504265155e+33
172100.0	-4.84499305075e+33	-4.84340695508e+33
172200.0	-4.84335476322e+33	-4.84171719273e+33
172300.0	-4.84179661016e+33	-4.84025932149e+33
172400.0	-4.84024123843e+33	-4.83866730865e+33
172500.0	-4.8386323873e+33	-4.83701606113e+33
172600.0	-4.83706145724e+33	-4.83550639319e+33
172700.0	-4.83547023719e+33	-4.8338425765e+33
172800.0	-4.83389849035e+33	-4.83235424159e+33
172900.0	-4.83219021139e+33	-4.83038583137e+33
173000.0	-4.83055567507e+33	-4.82897859392e+33
173100.0	-4.82896618091e+33	-4.82736852564e+33
173200.0	-4.82705621729e+33	-4.82495483827e+33
173300.0	-4.82524923366e+33	-4.82358444993e+33
173400.0	-4.82370134032e+33	-4.82220114597e+33
173500.0	-4.82169001972e+33	-4.81942393275e+33
173600.0	-4.81988393215e+33	-4.81830136402e+33
173700.0	-4.8183096189e+33	-4.81673385344e+33
173800.0	-4.81633280345e+33	-4.81417143421e+33
173900.0	-4.81449349792e+33	-4.81281404628e+33
174000.0	-4.81296789787e+33	-4.81150492699e+33
174100.0	-4.81094262475e+33	-4.80866089554e+33
174200.0	-4.80914468153e+33	-4.80757729649e+33
174300.0	-4.80758471287e+33	-4.8060239036e+33
174400.0	-4.8055968695e+33	-4.80338773251e+33
174500.0	-4.80375152183e+33	-4.80208596006e+33
174600.0	-4.80224232032e+33	-4.80079832553e+33
174700.0	-4.80028750362e+33	-4.7980549981e+33
174800.0	-4.79853493559e+33	-4.7969994786e+33
174900.0	-4.79698630524e+33	-4.79543254854e+33
175000.0	-4.79530295868e+33	-4.79355007499e+33
175100.0	-4.79365665136e+33	-4.79203236928e+33
175200.0	-4.79215529487e+33	-4.79071284028e+33
175300.0	-4.79051615802e+33	-4.7887945953e+33
175400.0	-4.78897938647e+33	-4.7874984513e+33
175500.0	-4.7874193777e+33	-4.78584062387e+33
175600.0	-4.78584620026e+33	-4.7842698003e+33
175700.0	-4.78428480763e+33	-4.78271419621e+33
175800.0	-4.78272301273e+33	-4.7811958583e+33
175900.0	-4.78109740138e+33	-4.77941285323e+33
176000.0	-4.77959467426e+33	-4.77815982839e+33
176100.0	-4.77783585258e+33	-4.77598895614e+33
176200.0	-4.77620107191e+33	-4.77463915725e+33
176300.0	-4.77466308942e+33	-4.77313056037e+33
176400.0	-4.77267737399e+33	-4.77048093846e+33
176500.0	-4.77084754098e+33	-4.76919674535e+33
176600.0	-4.76936140969e+33	-4.76794593537e+33
176700.0	-4.76763548364e+33	-4.76576166023e+33
176800.0	-4.76603810429e+33	-4.764536055e+33
176900.0	-4.76449744799e+33	-4.76295002951e+33
177000.0	-4.76293497334e+33	-4.76136482304e+33
177100.0	-4.76137268315e+33	-4.75979615953e+33
177200.0	-4.75981038009e+33	-4.75828526981e+33
177300.0	-4.7582022832e+33	-4.75654101296e+33
177400.0	-4.7567073223e+33	-4.7552750509e+33
177500.0	-4.75476646672e+33	-4.75264117491e+33
177600.0	-4.75305443718e+33	-4.75152302575e+33
177700.0	-4.7515285096e+33	-4.75000374134e+33
177800.0	-4.7497883249e+33	-4.74792482424e+33
177900.0	-4.74811115723e+33	-4.74649936603e+33
178000.0	-4.74662714846e+33	-4.74520607283e+33
178100.0	-4.74502479797e+33	-4.74334417483e+33
178200.0	-4.74351029036e+33	-4.74205055285e+33
178300.0	-4.74185420967e+33	-4.74015694731e+33
178400.0	-4.74027384466e+33	-4.73872250213e+33
178500.0	-4.73873059386e+33	-4.73718601938e+33
178600.0	-4.73683752572e+33	-4.7347378871e+33
178700.0	-4.73504569309e+33	-4.73340093852e+33
178800.0	-4.73355644955e+33	-4.73213767932e+33
178900.0	-4.73196741114e+33	-4.73030938142e+33
179000.0	-4.73044461199e+33	-4.7289590134e+33
179100.0	-4.72883709099e+33	-4.72720954768e+33
179200.0	-4.72729223541e+33	-4.72576500475e+33
179300.0	-4.72574608053e+33	-4.72418474693e+33
179400.0	-4.72380634184e+33	-4.7216574812e+33
179500.0	-4.72199073021e+33	-4.72034195138e+33
179600.0	-4.7205057006e+33	-4.71909417345e+33
179700.0	-4.71893496521e+33	-4.71729930931e+33
179800.0	-4.71740575548e+33	-4.71590416525e+33
179900.0	-4.71573389595e+33	-4.71403287254e+33
180000.0	-4.7141720641e+33	-4.71265141206e+33
180100.0	-4.71261315953e+33	-4.71103311877e+33
180200.0	-4.71096785075e+33	-4.70927387015e+33
180300.0	-4.70931953745e+33	-4.70767233482e+33
180400.0	-4.70780332243e+33	-4.70635598996e+33
180500.0	-4.70626738121e+33	-4.70468656112e+33
180600.0	-4.70474787767e+33	-4.70324455514e+33
180700.0	-4.70277170182e+33	-4.70059362609e+33
180800.0	-4.70105318248e+33	-4.69955310203e+33
180900.0	-4.6995009584e+33	-4.69792587533e+33
181000.0	-4.69799995475e+33	-4.69653518142e+33
181100.0	-4.69642768408e+33	-4.69479062549e+33
181200.0	-4.69476420758e+33	-4.69313487121e+33
181300.0	-4.69318793357e+33	-4.69161623005e+33
181400.0	-4.69165762288e+33	-4.69014335154e+33
181500.0	-4.69008340212e+33	-4.68848270077e+33
181600.0	-4.68855589482e+33	-4.68703974956e+33
181700.0	-4.68693459687e+33	-4.68529483913e+33
181800.0	-4.68545748228e+33	-4.68403379573e+33
181900.0	-4.68390401005e+33	-4.68228928044e+33
182000.0	-4.68222886696e+33	-4.68050388673e+33
182100.0	-4.68064013199e+33	-4.67909440435e+33
182200.0	-4.67908563963e+33	-4.67754367216e+33
182300.0	-4.67759098379e+33	-4.67610280351e+33
182400.0	-4.67607054447e+33	-4.67453333221e+33
182500.0	-4.67419680758e+33	-4.67211744548e+33
182600.0	-4.67254275785e+33	-4.67108465529e+33
182700.0	-4.67097557662e+33	-4.66936950121e+33
182800.0	-4.66949534624e+33	-4.66806260719e+33
182900.0	-4.66799396131e+33	-4.66645610379e+33
183000.0	-4.66606818735e+33	-4.66391694583e+33
183100.0	-4.66440677072e+33	-4.66297057707e+33
183200.0	-4.66285069322e+33	-4.66125725146e+33
183300.0	-4.66135511343e+33	-4.65988934422e+33
183400.0	-4.65986306864e+33	-4.65835751506e+33
183500.0	-4.65804370101e+33	-4.65603595904e+33
183600.0	-4.65641046409e+33	-4.65493992878e+33
183700.0	-4.65486880597e+33	-4.65331382202e+33
183800.0	-4.6533521102e+33	-4.65183839271e+33
183900.0	-4.65189491816e+33	-4.65045784529e+33
184000.0	-4.65016599292e+33	-4.64829194932e+33
184100.0	-4.64864484728e+33	-4.64725532581e+33
184200.0	-4.64706132283e+33	-4.64542358709e+33
184300.0	-4.6455528004e+33	-4.64407878864e+33
184400.0	-4.64406624398e+33	-4.64257370729e+33
184500.0	-4.64248722895e+33	-4.64087209314e+33
184600.0	-4.64095498522e+33	-4.63943500725e+33
184700.0	-4.6393132712e+33	-4.63766648842e+33
184800.0	-4.63772453989e+33	-4.63613874513e+33
184900.0	-4.63627184807e+33	-4.63487819343e+33
185000.0	-4.63469988709e+33	-4.63305463102e+33
185100.0	-4.63324211434e+33	-4.63184900632e+33
185200.0	-4.63128095292e+33	-4.6290747012e+33
185300.0	-4.62956672988e+33	-4.6280823945e+33
185400.0	-4.62806703573e+33	-4.62656893344e+33
185500.0	-4.62657138312e+33	-4.62507199488e+33
185600.0	-4.62505554133e+33	-4.6235231975e+33
185700.0	-4.62340904781e+33	-4.62169083647e+33
185800.0	-4.62179487096e+33	-4.62020733403e+33
185900.0	-4.62025790491e+33	-4.61877369534e+33
186000.0	-4.61873108409e+33	-4.61716654179e+33
186100.0	-4.61725015046e+33	-4.61580366175e+33
186200.0	-4.61574688578e+33	-4.61422345863e+33
186300.0	-4.61423209787e+33	-4.61270532835e+33
186400.0	-4.61232000031e+33	-4.61023440315e+33
186500.0	-4.61061086257e+33	-4.60908769563e+33
186600.0	-4.6090957988e+33	-4.60759295862e+33
186700.0	-4.60763350531e+33	-4.60618140666e+33
186800.0	-4.60613256933e+33	-4.60460425954e+33
186900.0	-4.60458733658e+33	-4.60303955519e+33
187000.0	-4.60310234056e+33	-4.60162321717e+33
187100.0	-4.60128232287e+33	-4.59935857725e+33
187200.0	-4.59972138983e+33	-4.59831043446e+33
187300.0	-4.59816965809e+33	-4.59656560289e+33
187400.0	-4.59673379448e+33	-4.59536237696e+33
187500.0	-4.59521619385e+33	-4.59363283026e+33
187600.0	-4.59363296874e+33	-4.59204261054e+33
187700.0	-4.59212368637e+33	-4.59062869915e+33
187800.0	-4.59042491901e+33	-4.58868461011e+33
187900.0	-4.5888688543e+33	-4.58737355699e+33
188000.0	-4.58739546682e+33	-4.58594003072e+33
188100.0	-4.58588196672e+33	-4.58433537583e+33
188200.0	-4.58444360475e+33	-4.58304825934e+33
188300.0	-4.5828290242e+33	-4.58111897249e+33
188400.0	-4.5813781866e+33	-4.58001679591e+33
188500.0	-4.57953663825e+33	-4.57752962183e+33
188600.0	-4.57793896098e+33	-4.57651350911e+33
188700.0	-4.57646667315e+33	-4.57498460988e+33
188800.0	-4.57496408511e+33	-4.57344355102e+33
188900.0	-4.57351412143e+33	-4.57208928351e+33
189000.0	-4.57198659657e+33	-4.5704238207e+33
189100.0	-4.57052239858e+33	-4.56907800471e+33
189200.0	-4.56859493198e+33	-4.56644261131e+33
189300.0	-4.56689179671e+33	-4.5654022879e+33
189400.0	-4.56539404357e+33	-4.56391476705e+33
189500.0	-4.56391107598e+33	-4.56241004076e+33
189600.0	-4.56241999338e+33	-4.56093320093e+33
189700.0	-4.56098037817e+33	-4.5595637028e+33
189800.0	-4.55945771011e+33	-4.55787767895e+33
189900.0	-4.55787447931e+33	-4.55627280362e+33
190000.0	-4.55629133002e+33	-4.55469838379e+33
190100.0	-4.55457725471e+33	-4.55285557995e+33
190200.0	-4.55297814829e+33	-4.5514238197e+33
190300.0	-4.551496899e+33	-4.55005775603e+33
190400.0	-4.55003733083e+33	-4.54855772659e+33
190500.0	-4.54854950029e+33	-4.547057398e+33
190600.0	-4.54707464034e+33	-4.54560792291e+33
190700.0	-4.5456221995e+33	-4.54416751321e+33
190800.0	-4.54394976838e+33	-4.54215504757e+33
190900.0	-4.54243265103e+33	-4.5410237833e+33
191000.0	-4.54068601717e+33	-4.53883697775e+33
191100.0	-4.53914927458e+33	-4.53773689266e+33
191200.0	-4.53765404003e+33	-4.53613589219e+33
191300.0	-4.53618858011e+33	-4.53473387547e+33
191400.0	-4.53476032275e+33	-4.53334324568e+33
191500.0	-4.53323911703e+33	-4.53167453845e+33
191600.0	-4.53183428177e+33	-4.53048768694e+33
191700.0	-4.53022796219e+33	-4.52850972461e+33
191800.0	-4.528773485e+33	-4.52740839757e+33
191900.0	-4.52683515648e+33	-4.52464166822e+33
192000.0	-4.52518524404e+33	-4.52378867701e+33
192100.0	-4.52363433676e+33	-4.522049133e+33
192200.0	-4.52215307066e+33	-4.52069561964e+33
192300.0	-4.520692714e+33	-4.51923611776e+33
192400.0	-4.51923467172e+33	-4.51777151065e+33
192500.0	-4.51776635118e+33	-4.51629023927e+33
192600.0	-4.51632205212e+33	-4.51489808415e+33
192700.0	-4.51485416674e+33	-4.51335252681e+33
192800.0	-4.51331270054e+33	-4.51175268016e+33
192900.0	-4.5118109637e+33	-4.51031118437e+33
193000.0	-4.50992278577e+33	-4.50785353193e+33
193100.0	-4.50826623357e+33	-4.506810165e+33
193200.0	-4.50668562361e+33	-4.50508581802e+33
193300.0	-4.50526816348e+33	-4.50390779979e+33
193400.0	-4.5037441299e+33	-4.5021590492e+33
193500.0	-4.50234071547e+33	-4.50100508298e+33
193600.0	-4.50083839237e+33	-4.49926593444e+33
193700.0	-4.49942165008e+33	-4.49806922372e+33
193800.0	-4.49794337705e+33	-4.49640665286e+33
193900.0	-4.49647758728e+33	-4.49504687824e+33
194000.0	-4.4950432961e+33	-4.49359228876e+33
194100.0	-4.49342983498e+33	-4.49173381964e+33
194200.0	-4.49194704709e+33	-4.49053512605e+33
194300.0	-4.49004553388e+33	-4.48791275846e+33
194400.0	-4.48839405049e+33	-4.48697015533e+33
194500.0	-4.48678399753e+33	-4.48514164291e+33
194600.0	-4.48530181472e+33	-4.48386429654e+33
194700.0	-4.48383300185e+33	-4.482370963e+33
194800.0	-4.48237821402e+33	-4.48090941259e+33
194900.0	-4.48092315897e+33	-4.4794794919e+33
195000.0	-4.47949792148e+33	-4.47807548359e+33
195100.0	-4.47801950468e+33	-4.47651370802e+33
195200.0	-4.47660726559e+33	-4.47523836848e+33
195300.0	-4.47512840047e+33	-4.47359221044e+33
195400.0	-4.47370452866e+33	-4.47233644519e+33
195500.0	-4.4722167291e+33	-4.47066128437e+33
195600.0	-4.47072300087e+33	-4.46925553853e+33
195700.0	-4.46924239189e+33	-4.46773443042e+33
195800.0	-4.46747324625e+33	-4.46553796522e+33
195900.0	-4.46589333076e+33	-4.46447511012e+33
196000.0	-4.46403266685e+33	-4.46199752413e+33
196100.0	-4.46245583001e+33	-4.46108775766e+33
196200.0	-4.46079935153e+33	-4.45906417515e+33
196300.0	-4.45937083879e+33	-4.45805285447e+33
196400.0	-4.45782609199e+33	-4.45621112495e+33
196500.0	-4.45641653755e+33	-4.45507433125e+33
196600.0	-4.45494247257e+33	-4.45342551075e+33
196700.0	-4.45352143456e+33	-4.45212778909e+33
196800.0	-4.45207365108e+33	-4.45060759172e+33
196900.0	-4.45063491481e+33	-4.44920163498e+33
197000.0	-4.44921751066e+33	-4.44780509484e+33
197100.0	-4.44776422273e+33	-4.44629408242e+33
197200.0	-4.44634898588e+33	-4.44495045681e+33
197300.0	-4.4449139299e+33	-4.44346872592e+33
197400.0	-4.44349228632e+33	-4.44206927538e+33
197500.0	-4.44204447317e+33	-4.44059467927e+33
197600.0	-4.44062591269e+33	-4.43920573887e+33
197700.0	-4.43915740812e+33	-4.43767642396e+33
197800.0	-4.43772212299e+33	-4.43628849805e+33
197900.0	-4.43619175509e+33	-4.43461767023e+33
198000.0	-4.43475626216e+33	-4.43336122124e+33
198100.0	-4.43307086611e+33	-4.43122142892e+33
198200.0	-4.43156552406e+33	-4.43020448465e+33
198300.0	-4.42971362599e+33	-4.42759557676e+33
198400.0	-4.42810658867e+33	-4.42674426763e+33
198500.0	-4.42623714901e+33	-4.42414976437e+33
198600.0	-4.42464197404e+33	-4.42327815242e+33
198700.0	-4.42289489029e+33	-4.42102061238e+33
198800.0	-4.42133197006e+33	-4.41990165568e+33
198900.0	-4.41970677748e+33	-4.41804480861e+33
199000.0	-4.4181803149e+33	-4.41669666089e+33
199100.0	-4.41662880281e+33	-4.41509304013e+33
199200.0	-4.41511325877e+33	-4.41358497687e+33
199300.0	-4.41358601484e+33	-4.41210333854e+33
199400.0	-4.41207611751e+33	-4.41053272529e+33
199500.0	-4.41052844358e+33	-4.40902299369e+33
199600.0	-4.40905795239e+33	-4.4075817902e+33
199700.0	-4.4074866097e+33	-4.40591787526e+33
199800.0	-4.40603746346e+33	-4.40462040809e+33
199900.0	-4.40442689478e+33	-4.40277680848e+33
